1 
1 1 1 
1 1 2 1 1 1 
1 1 2 2 2 2 2 1 1 1 
1 1 2 2 3 3 3 3 3 3 2 2 1 1 1 
1 1 2 2 3 4 4 4 5 5 5 5 4 4 4 3 2 2 1 1 1 
1 1 2 2 3 4 5 5 6 7 7 8 8 8 8 8 7 7 6 5 5 4 3 2 2 1 1 1 
1 1 2 2 3 4 5 6 7 8 9 10 11 12 13 13 13 14 13 13 13 12 11 10 9 8 7 6 5 4 3 2 2 1 1 1 
1 1 2 2 3 4 5 6 8 9 10 12 13 15 17 18 19 21 21 22 23 23 23 23 22 21 21 19 18 17 15 13 12 10 9 8 6 5 4 3 2 2 1 1 1 
1 1 2 2 3 4 5 6 8 10 11 13 15 17 20 22 24 27 29 31 33 35 36 38 39 39 40 40 39 39 38 36 35 33 31 29 27 24 22 20 17 15 13 11 10 8 6 5 4 3 2 2 1 1 1 
1 1 2 2 3 4 5 6 8 10 12 14 16 19 22 25 28 32 35 39 43 46 49 53 56 59 62 64 66 68 69 69 70 69 69 68 66 64 62 59 56 53 49 46 43 39 35 32 28 25 22 19 16 14 12 10 8 6 5 4 3 2 2 1 1 1 
1 1 2 2 3 4 5 6 8 10 12 15 17 20 24 27 31 36 40 45 51 56 61 67 72 78 84 89 94 100 104 108 113 115 118 121 122 123 124 123 122 121 118 115 113 108 104 100 94 89 84 78 72 67 61 56 51 45 40 36 31 27 24 20 17 15 12 10 8 6 5 4 3 2 2 1 1 1 
1 1 2 2 3 4 5 6 8 10 12 15 18 21 25 29 33 39 44 50 57 64 71 79 87 95 104 113 121 131 140 148 158 166 174 182 189 195 202 207 211 215 218 219 221 221 219 218 215 211 207 202 195 189 182 174 166 158 148 140 131 121 113 104 95 87 79 71 64 57 50 44 39 33 29 25 21 18 15 12 10 8 6 5 4 3 2 2 1 1 1 
1 1 2 2 3 4 5 6 8 10 12 15 18 22 26 30 35 41 47 54 62 70 79 89 99 110 122 134 146 160 173 187 202 216 231 246 260 274 289 302 315 328 339 350 361 369 377 384 389 393 396 397 397 396 393 389 384 377 369 361 350 339 328 315 302 289 274 260 246 231 216 202 187 173 160 146 134 122 110 99 89 79 70 62 54 47 41 35 30 26 22 18 15 12 10 8 6 5 4 3 2 2 1 1 1 
1 1 2 2 3 4 5 6 8 10 12 15 18 22 27 31 36 43 49 57 66 75 85 97 109 122 137 152 168 186 203 222 243 263 285 308 330 353 378 401 425 450 473 496 521 542 564 586 605 624 642 657 671 685 695 704 712 716 719 722 719 716 712 704 695 685 671 657 642 624 605 586 564 542 521 496 473 450 425 401 378 353 330 308 285 263 243 222 203 186 168 152 137 122 109 97 85 75 66 57 49 43 36 31 27 22 18 15 12 10 8 6 5 4 3 2 2 1 1 1 
1 1 2 2 3 4 5 6 8 10 12 15 18 22 27 32 37 44 51 59 69 79 90 103 117 132 149 167 186 208 230 253 279 306 334 365 396 428 463 498 534 572 610 648 689 728 767 808 848 887 927 965 1001 1038 1073 1105 1137 1166 1192 1218 1240 1258 1276 1290 1300 1309 1313 1314 1313 1309 1300 1290 1276 1258 1240 1218 1192 1166 1137 1105 1073 1038 1001 965 927 887 848 808 767 728 689 648 610 572 534 498 463 428 396 365 334 306 279 253 230 208 186 167 149 132 117 103 90 79 69 59 51 44 37 32 27 22 18 15 12 10 8 6 5 4 3 2 2 1 1 1 
1 1 2 2 3 4 5 6 8 10 12 15 18 22 27 32 38 45 52 61 71 82 94 108 123 140 159 179 201 226 252 280 311 343 378 416 455 497 542 588 637 689 742 797 856 914 975 1038 1101 1166 1233 1299 1366 1434 1501 1568 1635 1700 1764 1828 1888 1947 2004 2057 2108 2157 2200 2241 2278 2310 2338 2363 2381 2395 2406 2410 2410 2406 2395 2381 2363 2338 2310 2278 2241 2200 2157 2108 2057 2004 1947 1888 1828 1764 1700 1635 1568 1501 1434 1366 1299 1233 1166 1101 1038 975 914 856 797 742 689 637 588 542 497 455 416 378 343 311 280 252 226 201 179 159 140 123 108 94 82 71 61 52 45 38 32 27 22 18 15 12 10 8 6 5 4 3 2 2 1 1 1 
1 1 2 2 3 4 5 6 8 10 12 15 18 22 27 32 38 46 53 62 73 84 97 112 128 146 167 189 213 241 270 302 338 375 416 461 507 558 613 670 731 797 865 937 1015 1093 1176 1264 1353 1446 1544 1642 1744 1850 1956 2065 2177 2288 2401 2517 2630 2744 2860 2971 3083 3195 3301 3407 3511 3609 3704 3797 3882 3963 4041 4110 4174 4234 4283 4328 4367 4395 4418 4435 4441 4441 4435 4418 4395 4367 4328 4283 4234 4174 4110 4041 3963 3882 3797 3704 3609 3511 3407 3301 3195 3083 2971 2860 2744 2630 2517 2401 2288 2177 2065 1956 1850 1744 1642 1544 1446 1353 1264 1176 1093 1015 937 865 797 731 670 613 558 507 461 416 375 338 302 270 241 213 189 167 146 128 112 97 84 73 62 53 46 38 32 27 22 18 15 12 10 8 6 5 4 3 2 2 1 1 1 
1 1 2 2 3 4 5 6 8 10 12 15 18 22 27 32 38 46 54 63 74 86 99 115 132 151 173 197 223 253 285 320 360 402 448 499 553 611 675 743 815 894 977 1065 1161 1260 1365 1477 1594 1716 1846 1980 2119 2266 2417 2572 2735 2901 3071 3248 3427 3609 3797 3986 4176 4371 4565 4760 4957 5153 5346 5541 5732 5919 6106 6287 6462 6635 6800 6958 7111 7255 7389 7518 7636 7742 7842 7929 8004 8071 8125 8165 8197 8215 8220 8215 8197 8165 8125 8071 8004 7929 7842 7742 7636 7518 7389 7255 7111 6958 6800 6635 6462 6287 6106 5919 5732 5541 5346 5153 4957 4760 4565 4371 4176 3986 3797 3609 3427 3248 3071 2901 2735 2572 2417 2266 2119 1980 1846 1716 1594 1477 1365 1260 1161 1065 977 894 815 743 675 611 553 499 448 402 360 320 285 253 223 197 173 151 132 115 99 86 74 63 54 46 38 32 27 22 18 15 12 10 8 6 5 4 3 2 2 1 1 1 
1 1 2 2 3 4 5 6 8 10 12 15 18 22 27 32 38 46 54 64 75 87 101 117 135 155 178 203 231 263 297 335 378 424 475 531 591 657 729 806 889 980 1076 1180 1293 1411 1538 1674 1817 1969 2131 2300 2479 2668 2865 3071 3288 3512 3746 3991 4242 4503 4774 5051 5337 5631 5930 6237 6551 6869 7192 7521 7851 8185 8523 8859 9197 9536 9871 10206 10538 10864 11186 11504 11812 12113 12407 12689 12961 13224 13471 13706 13929 14134 14326 14502 14659 14800 14925 15029 15115 15184 15231 15260 15272 15260 15231 15184 15115 15029 14925 14800 14659 14502 14326 14134 13929 13706 13471 13224 12961 12689 12407 12113 11812 11504 11186 10864 10538 10206 9871 9536 9197 8859 8523 8185 7851 7521 7192 6869 6551 6237 5930 5631 5337 5051 4774 4503 4242 3991 3746 3512 3288 3071 2865 2668 2479 2300 2131 1969 1817 1674 1538 1411 1293 1180 1076 980 889 806 729 657 591 531 475 424 378 335 297 263 231 203 178 155 135 117 101 87 75 64 54 46 38 32 27 22 18 15 12 10 8 6 5 4 3 2 2 1 1 1 
1 1 2 2 3 4 5 6 8 10 12 15 18 22 27 32 38 46 54 64 76 88 102 119 137 158 182 208 237 271 307 347 393 442 497 558 623 695 775 860 953 1055 1163 1281 1410 1546 1693 1852 2020 2200 2394 2597 2814 3046 3289 3546 3819 4103 4403 4720 5048 5392 5754 6127 6517 6924 7341 7775 8225 8686 9161 9652 10151 10664 11191 11724 12268 12824 13383 13952 14529 15106 15689 16278 16863 17450 18038 18619 19198 19775 20340 20898 21450 21985 22511 23025 23518 23997 24461 24900 25321 25722 26095 26446 26776 27072 27344 27591 27804 27990 28149 28271 28365 28431 28460 28460 28431 28365 28271 28149 27990 27804 27591 27344 27072 26776 26446 26095 25722 25321 24900 24461 23997 23518 23025 22511 21985 21450 20898 20340 19775 19198 18619 18038 17450 16863 16278 15689 15106 14529 13952 13383 12824 12268 11724 11191 10664 10151 9652 9161 8686 8225 7775 7341 6924 6517 6127 5754 5392 5048 4720 4403 4103 3819 3546 3289 3046 2814 2597 2394 2200 2020 1852 1693 1546 1410 1281 1163 1055 953 860 775 695 623 558 497 442 393 347 307 271 237 208 182 158 137 119 102 88 76 64 54 46 38 32 27 22 18 15 12 10 8 6 5 4 3 2 2 1 1 1 
1 1 2 2 3 4 5 6 8 10 12 15 18 22 27 32 38 46 54 64 76 89 103 120 139 160 185 212 242 277 315 357 405 457 515 580 650 727 813 906 1007 1119 1239 1369 1512 1665 1830 2010 2202 2408 2631 2868 3121 3393 3682 3988 4316 4661 5026 5415 5823 6252 6707 7182 7680 8205 8751 9321 9918 10538 11181 11852 12545 13261 14005 14770 15557 16370 17202 18055 18932 19826 20737 21670 22617 23577 24555 25543 26539 27550 28565 29584 30611 31637 32662 33689 34709 35721 36729 37724 38704 39674 40624 41552 42465 43350 44207 45041 45842 46609 47347 48046 48705 49329 49910 50445 50942 51390 51789 52146 52451 52704 52912 53066 53167 53222 53222 53167 53066 52912 52704 52451 52146 51789 51390 50942 50445 49910 49329 48705 48046 47347 46609 45842 45041 44207 43350 42465 41552 40624 39674 38704 37724 36729 35721 34709 33689 32662 31637 30611 29584 28565 27550 26539 25543 24555 23577 22617 21670 20737 19826 18932 18055 17202 16370 15557 14770 14005 13261 12545 11852 11181 10538 9918 9321 8751 8205 7680 7182 6707 6252 5823 5415 5026 4661 4316 3988 3682 3393 3121 2868 2631 2408 2202 2010 1830 1665 1512 1369 1239 1119 1007 906 813 727 650 580 515 457 405 357 315 277 242 212 185 160 139 120 103 89 76 64 54 46 38 32 27 22 18 15 12 10 8 6 5 4 3 2 2 1 1 1 
1 1 2 2 3 4 5 6 8 10 12 15 18 22 27 32 38 46 54 64 76 89 104 121 140 162 187 215 246 282 321 365 415 469 530 598 672 754 845 944 1053 1173 1303 1445 1601 1768 1950 2149 2362 2593 2843 3110 3398 3708 4039 4393 4773 5176 5606 6065 6550 7065 7613 8189 8799 9444 10120 10833 11583 12368 13191 14054 14953 15892 16873 17891 18950 20052 21190 22371 23593 24852 26152 27493 28869 30284 31737 33223 34744 36301 37886 39502 41149 42818 44514 46234 47970 49726 51499 53281 55074 56876 58679 60484 62291 64087 65877 67658 69419 71164 72890 74585 76255 77894 79494 81056 82579 84052 85478 86855 88172 89433 90636 91770 92841 93846 94774 95632 96416 97119 97745 98293 98755 99136 99436 99647 99774 99820 99774 99647 99436 99136 98755 98293 97745 97119 96416 95632 94774 93846 92841 91770 90636 89433 88172 86855 85478 84052 82579 81056 79494 77894 76255 74585 72890 71164 69419 67658 65877 64087 62291 60484 58679 56876 55074 53281 51499 49726 47970 46234 44514 42818 41149 39502 37886 36301 34744 33223 31737 30284 28869 27493 26152 24852 23593 22371 21190 20052 18950 17891 16873 15892 14953 14054 13191 12368 11583 10833 10120 9444 8799 8189 7613 7065 6550 6065 5606 5176 4773 4393 4039 3708 3398 3110 2843 2593 2362 2149 1950 1768 1601 1445 1303 1173 1053 944 845 754 672 598 530 469 415 365 321 282 246 215 187 162 140 121 104 89 76 64 54 46 38 32 27 22 18 15 12 10 8 6 5 4 3 2 2 1 1 1 
1 1 2 2 3 4 5 6 8 10 12 15 18 22 27 32 38 46 54 64 76 89 104 122 141 163 189 217 249 286 326 371 423 479 542 613 690 776 872 976 1091 1219 1357 1509 1677 1857 2054 2270 2502 2755 3030 3325 3644 3990 4360 4758 5188 5645 6136 6663 7222 7819 8458 9133 9852 10617 11423 12278 13184 14136 15141 16203 17315 18485 19716 21001 22348 23760 25229 26764 28366 30028 31758 33558 35419 37349 39350 41412 43543 45745 48006 50335 52732 55186 57705 60288 62923 65618 68372 71172 74024 76928 79869 82855 85884 88939 92029 95151 98288 101448 104627 107808 110999 114195 117380 120558 123728 126870 129992 133089 136142 139159 142135 145051 147915 150722 153453 156116 158707 161206 163622 165951 168174 170300 172326 174232 176029 177714 179268 180703 182015 183188 184233 185148 185917 186552 187052 187402 187615 187692 187615 187402 187052 186552 185917 185148 184233 183188 182015 180703 179268 177714 176029 174232 172326 170300 168174 165951 163622 161206 158707 156116 153453 150722 147915 145051 142135 139159 136142 133089 129992 126870 123728 120558 117380 114195 110999 107808 104627 101448 98288 95151 92029 88939 85884 82855 79869 76928 74024 71172 68372 65618 62923 60288 57705 55186 52732 50335 48006 45745 43543 41412 39350 37349 35419 33558 31758 30028 28366 26764 25229 23760 22348 21001 19716 18485 17315 16203 15141 14136 13184 12278 11423 10617 9852 9133 8458 7819 7222 6663 6136 5645 5188 4758 4360 3990 3644 3325 3030 2755 2502 2270 2054 1857 1677 1509 1357 1219 1091 976 872 776 690 613 542 479 423 371 326 286 249 217 189 163 141 122 104 89 76 64 54 46 38 32 27 22 18 15 12 10 8 6 5 4 3 2 2 1 1 1 
1 1 2 2 3 4 5 6 8 10 12 15 18 22 27 32 38 46 54 64 76 89 104 122 142 164 190 219 251 289 330 376 429 487 552 625 705 794 894 1003 1123 1257 1403 1563 1741 1933 2143 2374 2624 2896 3193 3514 3861 4239 4646 5084 5559 6068 6615 7205 7835 8509 9234 10005 10828 11708 12642 13635 14693 15813 16998 18257 19585 20987 22471 24031 25673 27404 29219 31124 33124 35216 37403 39694 42082 44571 47169 49870 52676 55597 58623 61758 65010 68370 71841 75429 79126 82933 86857 90888 95025 99276 103629 108084 112648 117305 122057 126909 131846 136867 141976 147158 152411 157738 163125 168564 174063 179602 185178 190794 196430 202082 207753 213423 219087 224746 230381 235985 241562 247090 252561 257980 263325 268588 273774 278859 283837 288713 293463 298083 302573 306916 311103 315140 319006 322694 326211 329537 332666 335607 338337 340855 343168 345259 347123 348770 350184 351362 352315 353029 353500 353743 353743 353500 353029 352315 351362 350184 348770 347123 345259 343168 340855 338337 335607 332666 329537 326211 322694 319006 315140 311103 306916 302573 298083 293463 288713 283837 278859 273774 268588 263325 257980 252561 247090 241562 235985 230381 224746 219087 213423 207753 202082 196430 190794 185178 179602 174063 168564 163125 157738 152411 147158 141976 136867 131846 126909 122057 117305 112648 108084 103629 99276 95025 90888 86857 82933 79126 75429 71841 68370 65010 61758 58623 55597 52676 49870 47169 44571 42082 39694 37403 35216 33124 31124 29219 27404 25673 24031 22471 20987 19585 18257 16998 15813 14693 13635 12642 11708 10828 10005 9234 8509 7835 7205 6615 6068 5559 5084 4646 4239 3861 3514 3193 2896 2624 2374 2143 1933 1741 1563 1403 1257 1123 1003 894 794 705 625 552 487 429 376 330 289 251 219 190 164 142 122 104 89 76 64 54 46 38 32 27 22 18 15 12 10 8 6 5 4 3 2 2 1 1 1 
1 1 2 2 3 4 5 6 8 10 12 15 18 22 27 32 38 46 54 64 76 89 104 122 142 165 191 220 253 291 333 380 434 493 560 635 717 809 912 1025 1150 1289 1441 1609 1795 1997 2219 2463 2728 3018 3335 3678 4051 4458 4897 5373 5889 6444 7044 7692 8387 9134 9939 10799 11722 12711 13765 14892 16096 17376 18739 20190 21728 23361 25095 26927 28866 30918 33080 35363 37770 40300 42962 45762 48697 51776 55004 58379 61910 65602 69451 73466 77652 82005 86534 91242 96124 101190 106442 111875 117496 123307 129302 135488 141867 148429 155181 162125 169249 176561 184058 191729 199580 207608 215801 224161 232686 241360 250188 259164 268271 277511 286879 296356 305944 315634 325406 335261 345191 355174 365209 375285 385382 395497 405620 415726 425813 435871 445874 455821 465698 475480 485166 494742 504184 513488 522641 531619 540419 549030 557424 565601 573549 581244 588685 595860 602745 609342 615640 621617 627274 632602 637580 642213 646492 650398 653935 657100 659873 662263 664265 665862 667066 667874 668273 668273 667874 667066 665862 664265 662263 659873 657100 653935 650398 646492 642213 637580 632602 627274 621617 615640 609342 602745 595860 588685 581244 573549 565601 557424 549030 540419 531619 522641 513488 504184 494742 485166 475480 465698 455821 445874 435871 425813 415726 405620 395497 385382 375285 365209 355174 345191 335261 325406 315634 305944 296356 286879 277511 268271 259164 250188 241360 232686 224161 215801 207608 199580 191729 184058 176561 169249 162125 155181 148429 141867 135488 129302 123307 117496 111875 106442 101190 96124 91242 86534 82005 77652 73466 69451 65602 61910 58379 55004 51776 48697 45762 42962 40300 37770 35363 33080 30918 28866 26927 25095 23361 21728 20190 18739 17376 16096 14892 13765 12711 11722 10799 9939 9134 8387 7692 7044 6444 5889 5373 4897 4458 4051 3678 3335 3018 2728 2463 2219 1997 1795 1609 1441 1289 1150 1025 912 809 717 635 560 493 434 380 333 291 253 220 191 165 142 122 104 89 76 64 54 46 38 32 27 22 18 15 12 10 8 6 5 4 3 2 2 1 1 1 
1 1 2 2 3 4 5 6 8 10 12 15 18 22 27 32 38 46 54 64 76 89 104 122 142 165 192 221 254 293 335 383 438 498 566 643 727 821 927 1043 1172 1316 1473 1647 1841 2051 2283 2539 2817 3122 3457 3820 4216 4649 5117 5626 6180 6777 7424 8126 8880 9694 10574 11516 12531 13623 14790 16042 17385 18817 20348 21985 23725 25580 27558 29655 31884 34253 36758 39414 42228 45197 48335 51651 55141 58820 62696 66766 71044 75541 80250 85188 90363 95770 101426 107338 113500 119929 126632 133603 140857 148402 156229 164354 172785 181509 190544 199895 209549 219523 229820 240426 251356 262612 274180 286071 298288 310811 323654 336816 350276 364045 378121 392480 407134 422076 437281 452757 468498 484476 500697 517152 533811 550678 567745 584975 602374 619929 637603 655401 673306 691281 709327 727428 745544 763676 781805 799890 817930 835909 853780 871545 889183 906650 923946 941051 957919 974551 990925 1006999 1022771 1038222 1053306 1068026 1082363 1096272 1109756 1122798 1135353 1147429 1159007 1170046 1180554 1190515 1199892 1208692 1216904 1224490 1231463 1237814 1243507 1248558 1252960 1256680 1259740 1262132 1263830 1264854 1265204 1264854 1263830 1262132 1259740 1256680 1252960 1248558 1243507 1237814 1231463 1224490 1216904 1208692 1199892 1190515 1180554 1170046 1159007 1147429 1135353 1122798 1109756 1096272 1082363 1068026 1053306 1038222 1022771 1006999 990925 974551 957919 941051 923946 906650 889183 871545 853780 835909 817930 799890 781805 763676 745544 727428 709327 691281 673306 655401 637603 619929 602374 584975 567745 550678 533811 517152 500697 484476 468498 452757 437281 422076 407134 392480 378121 364045 350276 336816 323654 310811 298288 286071 274180 262612 251356 240426 229820 219523 209549 199895 190544 181509 172785 164354 156229 148402 140857 133603 126632 119929 113500 107338 101426 95770 90363 85188 80250 75541 71044 66766 62696 58820 55141 51651 48335 45197 42228 39414 36758 34253 31884 29655 27558 25580 23725 21985 20348 18817 17385 16042 14790 13623 12531 11516 10574 9694 8880 8126 7424 6777 6180 5626 5117 4649 4216 3820 3457 3122 2817 2539 2283 2051 1841 1647 1473 1316 1172 1043 927 821 727 643 566 498 438 383 335 293 254 221 192 165 142 122 104 89 76 64 54 46 38 32 27 22 18 15 12 10 8 6 5 4 3 2 2 1 1 1 
1 1 2 2 3 4 5 6 8 10 12 15 18 22 27 32 38 46 54 64 76 89 104 122 142 165 192 222 255 294 337 385 441 502 571 649 735 831 939 1058 1190 1338 1500 1679 1879 2097 2337 2603 2893 3211 3561 3942 4358 4814 5309 5847 6434 7070 7759 8509 9318 10192 11140 12159 13258 14444 15717 17085 18557 20133 21821 23632 25566 27631 29841 32194 34701 37375 40215 43234 46444 49846 53452 57277 61321 65597 70120 74892 79924 85235 90824 96704 102894 109393 116216 123380 130885 138746 146980 155588 164582 173982 183787 194009 204669 215762 227302 239309 251777 264720 278155 292077 306497 321432 336876 352837 369332 386352 403904 422004 440639 459815 479547 499818 520634 542005 563913 586360 609355 632878 656926 681506 706596 732187 758289 784870 811923 839452 867423 895827 924662 953893 983507 1013499 1043832 1074487 1105459 1136706 1168206 1199954 1231901 1264025 1296317 1328726 1361227 1393808 1426417 1459027 1491622 1524151 1556582 1588900 1621051 1653001 1684737 1716201 1747359 1778199 1808659 1838710 1868334 1897474 1926098 1954191 1981697 2008582 2034834 2060399 2085243 2109359 2132690 2155208 2176906 2197731 2217659 2236683 2254755 2271853 2287975 2303076 2317136 2330158 2342103 2352952 2362716 2371356 2378860 2385243 2390470 2394536 2397458 2399207 2399784 2399207 2397458 2394536 2390470 2385243 2378860 2371356 2362716 2352952 2342103 2330158 2317136 2303076 2287975 2271853 2254755 2236683 2217659 2197731 2176906 2155208 2132690 2109359 2085243 2060399 2034834 2008582 1981697 1954191 1926098 1897474 1868334 1838710 1808659 1778199 1747359 1716201 1684737 1653001 1621051 1588900 1556582 1524151 1491622 1459027 1426417 1393808 1361227 1328726 1296317 1264025 1231901 1199954 1168206 1136706 1105459 1074487 1043832 1013499 983507 953893 924662 895827 867423 839452 811923 784870 758289 732187 706596 681506 656926 632878 609355 586360 563913 542005 520634 499818 479547 459815 440639 422004 403904 386352 369332 352837 336876 321432 306497 292077 278155 264720 251777 239309 227302 215762 204669 194009 183787 173982 164582 155588 146980 138746 130885 123380 116216 109393 102894 96704 90824 85235 79924 74892 70120 65597 61321 57277 53452 49846 46444 43234 40215 37375 34701 32194 29841 27631 25566 23632 21821 20133 18557 17085 15717 14444 13258 12159 11140 10192 9318 8509 7759 7070 6434 5847 5309 4814 4358 3942 3561 3211 2893 2603 2337 2097 1879 1679 1500 1338 1190 1058 939 831 735 649 571 502 441 385 337 294 255 222 192 165 142 122 104 89 76 64 54 46 38 32 27 22 18 15 12 10 8 6 5 4 3 2 2 1 1 1 
1 1 2 2 3 4 5 6 8 10 12 15 18 22 27 32 38 46 54 64 76 89 104 122 142 165 192 222 256 295 338 387 443 505 575 654 741 839 949 1070 1205 1356 1522 1706 1911 2135 2383 2657 2957 3287 3650 4046 4480 4956 5474 6039 6656 7325 8053 8846 9703 10633 11642 12730 13907 15179 16548 18024 19615 21323 23159 25132 27245 29510 31938 34531 37304 40268 43426 46795 50386 54204 58266 62586 67168 72031 77190 82651 88433 94553 101016 107844 115053 122651 130660 139097 147970 157303 167113 177409 188214 199548 211418 223850 236863 250463 264677 279524 295011 311164 328001 345529 363774 382753 402473 422957 444224 466276 489139 512828 537343 562709 588940 616034 644014 672890 702659 733340 764943 797460 830908 865293 900605 936856 974051 1012172 1051232 1091229 1132143 1173982 1216739 1260390 1304939 1350375 1396669 1443819 1491811 1540610 1590210 1640593 1691716 1743572 1796135 1849360 1903232 1957721 2012777 2068382 2124500 2181077 2238088 2295496 2353238 2411290 2469607 2528124 2586811 2645622 2704486 2763372 2822227 2880981 2939597 2998023 3056184 3114041 3171540 3228605 3285197 3341260 3396715 3451525 3505632 3558958 3611467 3663100 3713782 3763475 3812126 3859658 3906036 3951209 3995104 4037689 4078917 4118715 4157059 4193902 4229180 4262870 4294932 4325305 4353975 4380904 4406040 4429370 4450869 4470486 4488219 4504046 4517924 4529858 4539834 4547817 4553819 4557831 4559828 4559828 4557831 4553819 4547817 4539834 4529858 4517924 4504046 4488219 4470486 4450869 4429370 4406040 4380904 4353975 4325305 4294932 4262870 4229180 4193902 4157059 4118715 4078917 4037689 3995104 3951209 3906036 3859658 3812126 3763475 3713782 3663100 3611467 3558958 3505632 3451525 3396715 3341260 3285197 3228605 3171540 3114041 3056184 2998023 2939597 2880981 2822227 2763372 2704486 2645622 2586811 2528124 2469607 2411290 2353238 2295496 2238088 2181077 2124500 2068382 2012777 1957721 1903232 1849360 1796135 1743572 1691716 1640593 1590210 1540610 1491811 1443819 1396669 1350375 1304939 1260390 1216739 1173982 1132143 1091229 1051232 1012172 974051 936856 900605 865293 830908 797460 764943 733340 702659 672890 644014 616034 588940 562709 537343 512828 489139 466276 444224 422957 402473 382753 363774 345529 328001 311164 295011 279524 264677 250463 236863 223850 211418 199548 188214 177409 167113 157303 147970 139097 130660 122651 115053 107844 101016 94553 88433 82651 77190 72031 67168 62586 58266 54204 50386 46795 43426 40268 37304 34531 31938 29510 27245 25132 23159 21323 19615 18024 16548 15179 13907 12730 11642 10633 9703 8846 8053 7325 6656 6039 5474 4956 4480 4046 3650 3287 2957 2657 2383 2135 1911 1706 1522 1356 1205 1070 949 839 741 654 575 505 443 387 338 295 256 222 192 165 142 122 104 89 76 64 54 46 38 32 27 22 18 15 12 10 8 6 5 4 3 2 2 1 1 1 
1 1 2 2 3 4 5 6 8 10 12 15 18 22 27 32 38 46 54 64 76 89 104 122 142 165 192 222 256 296 339 388 445 507 578 658 746 845 957 1080 1217 1371 1540 1728 1938 2167 2421 2703 3011 3351 3726 4135 4584 5078 5616 6204 6848 7547 8309 9141 10041 11020 12085 13235 14482 15833 17289 18863 20564 22393 24364 26488 28767 31216 33849 36666 39687 42925 46383 50082 54036 58250 62746 67542 72642 78070 83846 89976 96486 103399 110719 118477 126695 135381 144567 154276 164518 175327 186728 198732 211373 224680 238663 253360 268801 284994 301981 319792 338437 357959 378387 399733 422040 445339 469641 494988 521414 548927 577572 607381 638359 670553 703993 738685 774674 811987 850629 890643 932056 974869 1019122 1064841 1112023 1160706 1210914 1262635 1315909 1370753 1427154 1485146 1544740 1605919 1668713 1733128 1799142 1866776 1936035 2006886 2079349 2153421 2229059 2306281 2385075 2465394 2547246 2630611 2715436 2801722 2889443 2978537 3068996 3160789 3253843 3348146 3443658 3540296 3638043 3736851 3836629 3937354 4038966 4141371 4244536 4348398 4452853 4557860 4663351 4769215 4875407 4981853 5088431 5195097 5301767 5408318 5514699 5620821 5726559 5831857 5936626 6040735 6144124 6246705 6348342 6448979 6548524 6646839 6743870 6839524 6933666 7026242 7117159 7206286 7293572 7378927 7462224 7543411 7622409 7699091 7773416 7845306 7914639 7981383 8045466 8106775 8165286 8220931 8273610 8323303 8369957 8413477 8453853 8491043 8524962 8555613 8582963 8606934 8627545 8644771 8658550 8668910 8675836 8679280 8679280 8675836 8668910 8658550 8644771 8627545 8606934 8582963 8555613 8524962 8491043 8453853 8413477 8369957 8323303 8273610 8220931 8165286 8106775 8045466 7981383 7914639 7845306 7773416 7699091 7622409 7543411 7462224 7378927 7293572 7206286 7117159 7026242 6933666 6839524 6743870 6646839 6548524 6448979 6348342 6246705 6144124 6040735 5936626 5831857 5726559 5620821 5514699 5408318 5301767 5195097 5088431 4981853 4875407 4769215 4663351 4557860 4452853 4348398 4244536 4141371 4038966 3937354 3836629 3736851 3638043 3540296 3443658 3348146 3253843 3160789 3068996 2978537 2889443 2801722 2715436 2630611 2547246 2465394 2385075 2306281 2229059 2153421 2079349 2006886 1936035 1866776 1799142 1733128 1668713 1605919 1544740 1485146 1427154 1370753 1315909 1262635 1210914 1160706 1112023 1064841 1019122 974869 932056 890643 850629 811987 774674 738685 703993 670553 638359 607381 577572 548927 521414 494988 469641 445339 422040 399733 378387 357959 338437 319792 301981 284994 268801 253360 238663 224680 211373 198732 186728 175327 164518 154276 144567 135381 126695 118477 110719 103399 96486 89976 83846 78070 72642 67542 62746 58250 54036 50082 46383 42925 39687 36666 33849 31216 28767 26488 24364 22393 20564 18863 17289 15833 14482 13235 12085 11020 10041 9141 8309 7547 6848 6204 5616 5078 4584 4135 3726 3351 3011 2703 2421 2167 1938 1728 1540 1371 1217 1080 957 845 746 658 578 507 445 388 339 296 256 222 192 165 142 122 104 89 76 64 54 46 38 32 27 22 18 15 12 10 8 6 5 4 3 2 2 1 1 1 
1 1 2 2 3 4 5 6 8 10 12 15 18 22 27 32 38 46 54 64 76 89 104 122 142 165 192 222 256 296 340 389 446 509 580 661 750 850 963 1088 1227 1383 1555 1746 1960 2194 2453 2741 3057 3405 3790 4211 4673 5182 5738 6346 7013 7739 8531 9397 10337 11359 12473 13680 14989 16411 17947 19609 21409 23350 25444 27705 30138 32756 35577 38604 41854 45346 49086 53093 57387 61976 66881 72126 77720 83686 90050 96824 104033 111708 119860 128518 137715 147466 157802 168758 180351 192616 205591 219296 233766 249044 265151 282127 300017 318843 338647 359479 381362 404342 428469 453769 480290 508085 537183 567630 599484 632773 667548 703867 741758 781272 822470 865380 910055 956554 1004905 1055161 1107383 1161597 1217854 1276214 1336703 1399369 1464274 1531436 1600903 1672734 1746946 1823583 1902699 1984306 2068446 2155168 2244481 2336417 2431023 2528300 2628276 2730993 2836440 2944640 3055628 3169387 3285931 3405285 3527423 3652351 3780086 3910593 4043865 4179911 4318684 4460169 4604364 4751210 4900678 5052760 5207382 5364508 5524112 5686111 5850455 6017111 6185981 6357002 6530127 6705250 6882293 7061202 7241852 7424156 7608048 7793393 7980093 8168067 8357170 8547293 8738348 8930178 9122661 9315701 9509131 9702822 9896670 10090497 10284166 10477567 10670517 10862871 11054513 11245252 11434943 11623463 11810622 11996264 12180269 12362442 12542631 12720713 12896492 13069814 13240563 13408542 13573604 13735630 13894431 14049862 14201814 14350103 14494588 14635167 14771667 14903955 15031942 15155458 15274384 15388641 15498074 15602576 15702078 15796439 15885566 15969408 16047837 16120774 16188182 16249954 16306025 16356379 16400919 16439601 16472426 16499319 16520252 16535243 16544234 16547220 16544234 16535243 16520252 16499319 16472426 16439601 16400919 16356379 16306025 16249954 16188182 16120774 16047837 15969408 15885566 15796439 15702078 15602576 15498074 15388641 15274384 15155458 15031942 14903955 14771667 14635167 14494588 14350103 14201814 14049862 13894431 13735630 13573604 13408542 13240563 13069814 12896492 12720713 12542631 12362442 12180269 11996264 11810622 11623463 11434943 11245252 11054513 10862871 10670517 10477567 10284166 10090497 9896670 9702822 9509131 9315701 9122661 8930178 8738348 8547293 8357170 8168067 7980093 7793393 7608048 7424156 7241852 7061202 6882293 6705250 6530127 6357002 6185981 6017111 5850455 5686111 5524112 5364508 5207382 5052760 4900678 4751210 4604364 4460169 4318684 4179911 4043865 3910593 3780086 3652351 3527423 3405285 3285931 3169387 3055628 2944640 2836440 2730993 2628276 2528300 2431023 2336417 2244481 2155168 2068446 1984306 1902699 1823583 1746946 1672734 1600903 1531436 1464274 1399369 1336703 1276214 1217854 1161597 1107383 1055161 1004905 956554 910055 865380 822470 781272 741758 703867 667548 632773 599484 567630 537183 508085 480290 453769 428469 404342 381362 359479 338647 318843 300017 282127 265151 249044 233766 219296 205591 192616 180351 168758 157802 147466 137715 128518 119860 111708 104033 96824 90050 83686 77720 72126 66881 61976 57387 53093 49086 45346 41854 38604 35577 32756 30138 27705 25444 23350 21409 19609 17947 16411 14989 13680 12473 11359 10337 9397 8531 7739 7013 6346 5738 5182 4673 4211 3790 3405 3057 2741 2453 2194 1960 1746 1555 1383 1227 1088 963 850 750 661 580 509 446 389 340 296 256 222 192 165 142 122 104 89 76 64 54 46 38 32 27 22 18 15 12 10 8 6 5 4 3 2 2 1 1 1 
1 1 2 2 3 4 5 6 8 10 12 15 18 22 27 32 38 46 54 64 76 89 104 122 142 165 192 222 256 296 340 390 447 510 582 663 753 854 968 1094 1235 1393 1567 1761 1978 2216 2480 2773 3095 3451 3844 4275 4749 5271 5842 6468 7155 7904 8723 9619 10593 11655 12813 14069 15435 16920 18527 20270 22159 24200 26407 28793 31365 34139 37132 40350 43814 47540 51539 55834 60444 65381 70671 76337 82393 88868 95788 103170 111046 119447 128391 137915 148052 158825 170275 182438 195340 209027 223538 238905 255175 272394 290595 309832 330155 351599 374224 398083 423216 449688 477555 506862 537677 570061 604064 639756 677204 716459 757598 800691 845791 892980 942330 993898 1047770 1104020 1162707 1223919 1287734 1354213 1423445 1495510 1570469 1648413 1729425 1813563 1900920 1991577 2085593 2183062 2284061 2388648 2496915 2608937 2724771 2844502 2968206 3095930 3227760 3363766 3503988 3648507 3797386 3950659 4108401 4270665 4437478 4608905 4784991 4965754 5151248 5341508 5536538 5736383 5941067 6150579 6364952 6584196 6808285 7037242 7271058 7509694 7753154 8001417 8254427 8512170 8774608 9041667 9313316 9589502 9870128 10155149 10444488 10738033 11035721 11337454 11643101 11952578 12265771 12582529 12902747 13226294 13552996 13882733 14215354 14550666 14888530 15228777 15571195 15915631 16261895 16609760 16959055 17309574 17661077 18013375 18366250 18719444 19072758 19425963 19778785 20131016 20482415 20832698 21181652 21529023 21874524 22217929 22558984 22897396 23232936 23565345 23894328 24219656 24541073 24858280 25171054 25479138 25782240 26080143 26372595 26659310 26940079 27214660 27482780 27744237 27998804 28246218 28486294 28718821 28943550 29160314 29368918 29569133 29760815 29943785 30117838 30282850 30438665 30585105 30722066 30849422 30967014 31074768 31172586 31260334 31337967 31405412 31462566 31509415 31545911 31571984 31587644 31592878 31587644 31571984 31545911 31509415 31462566 31405412 31337967 31260334 31172586 31074768 30967014 30849422 30722066 30585105 30438665 30282850 30117838 29943785 29760815 29569133 29368918 29160314 28943550 28718821 28486294 28246218 27998804 27744237 27482780 27214660 26940079 26659310 26372595 26080143 25782240 25479138 25171054 24858280 24541073 24219656 23894328 23565345 23232936 22897396 22558984 22217929 21874524 21529023 21181652 20832698 20482415 20131016 19778785 19425963 19072758 18719444 18366250 18013375 17661077 17309574 16959055 16609760 16261895 15915631 15571195 15228777 14888530 14550666 14215354 13882733 13552996 13226294 12902747 12582529 12265771 11952578 11643101 11337454 11035721 10738033 10444488 10155149 9870128 9589502 9313316 9041667 8774608 8512170 8254427 8001417 7753154 7509694 7271058 7037242 6808285 6584196 6364952 6150579 5941067 5736383 5536538 5341508 5151248 4965754 4784991 4608905 4437478 4270665 4108401 3950659 3797386 3648507 3503988 3363766 3227760 3095930 2968206 2844502 2724771 2608937 2496915 2388648 2284061 2183062 2085593 1991577 1900920 1813563 1729425 1648413 1570469 1495510 1423445 1354213 1287734 1223919 1162707 1104020 1047770 993898 942330 892980 845791 800691 757598 716459 677204 639756 604064 570061 537677 506862 477555 449688 423216 398083 374224 351599 330155 309832 290595 272394 255175 238905 223538 209027 195340 182438 170275 158825 148052 137915 128391 119447 111046 103170 95788 88868 82393 76337 70671 65381 60444 55834 51539 47540 43814 40350 37132 34139 31365 28793 26407 24200 22159 20270 18527 16920 15435 14069 12813 11655 10593 9619 8723 7904 7155 6468 5842 5271 4749 4275 3844 3451 3095 2773 2480 2216 1978 1761 1567 1393 1235 1094 968 854 753 663 582 510 447 390 340 296 256 222 192 165 142 122 104 89 76 64 54 46 38 32 27 22 18 15 12 10 8 6 5 4 3 2 2 1 1 1 
1 1 2 2 3 4 5 6 8 10 12 15 18 22 27 32 38 46 54 64 76 89 104 122 142 165 192 222 256 296 340 390 448 511 583 665 755 857 972 1099 1241 1401 1577 1773 1993 2234 2502 2800 3127 3489 3890 4329 4813 5347 5931 6572 7277 8046 8888 9811 10815 11911 13109 14409 15825 17367 19037 20852 22822 24953 27261 29761 32459 35374 38525 41917 45575 49518 53755 58314 63217 68476 74122 80181 86668 93617 101059 109012 117514 126602 136295 146638 157671 169418 181930 195251 209409 224462 240458 257432 275445 294553 314795 336239 358948 382964 408363 435215 463566 493502 525095 558401 593511 630505 669445 710427 753541 798852 846466 896479 948961 1004026 1061777 1122289 1185685 1252072 1321532 1394194 1470172 1549553 1632472 1719048 1809374 1903588 2001819 2104158 2210752 2321732 2437192 2557286 2682144 2811864 2946603 3086492 3231633 3382179 3538267 3699994 3867516 4040970 4220447 4406105 4598077 4796450 5001381 5212995 5431376 5656675 5889011 6128461 6375167 6629242 6890751 7159828 7436577 7721048 8013365 8313621 8621848 8938162 9262635 9595287 9936216 10285478 10643075 11009085 11383545 11766438 12157818 12557708 12966058 13382909 13808254 14242021 14684228 15134840 15593760 16060979 16536436 17020007 17511652 18011285 18518750 19033981 19556862 20087204 20624913 21169844 21721774 22280583 22846091 23418045 23996297 24580632 25170771 25766529 26367667 26973871 27584928 28200571 28820452 29444332 30071917 30702826 31336801 31973511 32612557 33253650 33896438 34540497 35185514 35831116 36476857 37122403 37767367 38411276 39053787 39694492 40332906 40968673 41601372 42230505 42855710 43476555 44092540 44703292 45308378 45907295 46499669 47085071 47662994 48233072 48794881 49347918 49891831 50426200 50950536 51464502 51967688 52459629 52939995 53408406 53864410 54307704 54737931 55154662 55557623 55946485 56320846 56680469 57025049 57354224 57667787 57965473 58246954 58512063 58760571 58992195 59206803 59404216 59584185 59746628 59891407 60018318 60127328 60218340 60291199 60345920 60382450 60400688 60400688 60382450 60345920 60291199 60218340 60127328 60018318 59891407 59746628 59584185 59404216 59206803 58992195 58760571 58512063 58246954 57965473 57667787 57354224 57025049 56680469 56320846 55946485 55557623 55154662 54737931 54307704 53864410 53408406 52939995 52459629 51967688 51464502 50950536 50426200 49891831 49347918 48794881 48233072 47662994 47085071 46499669 45907295 45308378 44703292 44092540 43476555 42855710 42230505 41601372 40968673 40332906 39694492 39053787 38411276 37767367 37122403 36476857 35831116 35185514 34540497 33896438 33253650 32612557 31973511 31336801 30702826 30071917 29444332 28820452 28200571 27584928 26973871 26367667 25766529 25170771 24580632 23996297 23418045 22846091 22280583 21721774 21169844 20624913 20087204 19556862 19033981 18518750 18011285 17511652 17020007 16536436 16060979 15593760 15134840 14684228 14242021 13808254 13382909 12966058 12557708 12157818 11766438 11383545 11009085 10643075 10285478 9936216 9595287 9262635 8938162 8621848 8313621 8013365 7721048 7436577 7159828 6890751 6629242 6375167 6128461 5889011 5656675 5431376 5212995 5001381 4796450 4598077 4406105 4220447 4040970 3867516 3699994 3538267 3382179 3231633 3086492 2946603 2811864 2682144 2557286 2437192 2321732 2210752 2104158 2001819 1903588 1809374 1719048 1632472 1549553 1470172 1394194 1321532 1252072 1185685 1122289 1061777 1004026 948961 896479 846466 798852 753541 710427 669445 630505 593511 558401 525095 493502 463566 435215 408363 382964 358948 336239 314795 294553 275445 257432 240458 224462 209409 195251 181930 169418 157671 146638 136295 126602 117514 109012 101059 93617 86668 80181 74122 68476 63217 58314 53755 49518 45575 41917 38525 35374 32459 29761 27261 24953 22822 20852 19037 17367 15825 14409 13109 11911 10815 9811 8888 8046 7277 6572 5931 5347 4813 4329 3890 3489 3127 2800 2502 2234 1993 1773 1577 1401 1241 1099 972 857 755 665 583 511 448 390 340 296 256 222 192 165 142 122 104 89 76 64 54 46 38 32 27 22 18 15 12 10 8 6 5 4 3 2 2 1 1 1 
1 1 2 2 3 4 5 6 8 10 12 15 18 22 27 32 38 46 54 64 76 89 104 122 142 165 192 222 256 296 340 390 448 512 584 666 757 859 975 1103 1246 1407 1585 1783 2005 2249 2520 2822 3154 3521 3928 4375 4867 5411 6007 6661 7381 8168 9030 9976 11007 12133 13365 14705 16165 17757 19485 21363 23405 25618 28016 30618 33431 36473 39766 43318 47152 51291 55748 60548 65719 71276 77249 83670 90558 97946 105872 114359 123445 133174 143572 154684 166559 179229 192745 207162 222518 238871 256283 274799 294482 315405 337617 361192 386209 412725 440822 470589 502091 535419 570670 607919 647266 688819 732662 778903 827663 879033 933134 990096 1050020 1113038 1179291 1248891 1321980 1398710 1479203 1563612 1652102 1744804 1841881 1943510 2049832 2161020 2277264 2398711 2525547 2657971 2796140 2940250 3090507 3247079 3410169 3579994 3756728 3940580 4131778 4330499 4536961 4751397 4973988 5204957 5444543 5692929 5950342 6217021 6493153 6778964 7074696 7380533 7696699 8023436 8360923 8709381 9069049 9440096 9822739 10217209 10623667 11042320 11473387 11917019 12373408 12842764 13325219 13820949 14330148 14852930 15389451 15939887 16504325 17082903 17675770 18282991 18904675 19540945 20191837 20857429 21537817 22233002 22943028 23667960 24407761 25162442 25932029 26716446 27515664 28329672 29158351 30001631 30859456 31731666 32618145 33518794 34433406 35361816 36303883 37259349 38228003 39209656 40203997 41210770 42229735 43260534 44302859 45356420 46420811 47495671 48580666 49675337 50779274 51892095 53013293 54142410 55279019 56422561 57572537 58728473 59889768 61055877 62226285 63400349 64577484 65757138 66938631 68121337 69304675 70487927 71670440 72851600 74030661 75206943 76379809 77548489 78712283 79870532 81022453 82167328 83304489 84433140 85552552 86662056 87760848 88848201 89923445 90985778 92034480 93068888 94088213 95091745 96078836 97048716 98000693 98934146 99848326 100742568 101616281 102468750 103299343 104107508 104892563 105653923 106391076 107103389 107790322 108451412 109086080 109693838 110274281 110826888 111351224 111846952 112313608 112750828 113158335 113535734 113882728 114199111 114484559 114738847 114961839 115153288 115313041 115441040 115537112 115601178 115633260 115633260 115601178 115537112 115441040 115313041 115153288 114961839 114738847 114484559 114199111 113882728 113535734 113158335 112750828 112313608 111846952 111351224 110826888 110274281 109693838 109086080 108451412 107790322 107103389 106391076 105653923 104892563 104107508 103299343 102468750 101616281 100742568 99848326 98934146 98000693 97048716 96078836 95091745 94088213 93068888 92034480 90985778 89923445 88848201 87760848 86662056 85552552 84433140 83304489 82167328 81022453 79870532 78712283 77548489 76379809 75206943 74030661 72851600 71670440 70487927 69304675 68121337 66938631 65757138 64577484 63400349 62226285 61055877 59889768 58728473 57572537 56422561 55279019 54142410 53013293 51892095 50779274 49675337 48580666 47495671 46420811 45356420 44302859 43260534 42229735 41210770 40203997 39209656 38228003 37259349 36303883 35361816 34433406 33518794 32618145 31731666 30859456 30001631 29158351 28329672 27515664 26716446 25932029 25162442 24407761 23667960 22943028 22233002 21537817 20857429 20191837 19540945 18904675 18282991 17675770 17082903 16504325 15939887 15389451 14852930 14330148 13820949 13325219 12842764 12373408 11917019 11473387 11042320 10623667 10217209 9822739 9440096 9069049 8709381 8360923 8023436 7696699 7380533 7074696 6778964 6493153 6217021 5950342 5692929 5444543 5204957 4973988 4751397 4536961 4330499 4131778 3940580 3756728 3579994 3410169 3247079 3090507 2940250 2796140 2657971 2525547 2398711 2277264 2161020 2049832 1943510 1841881 1744804 1652102 1563612 1479203 1398710 1321980 1248891 1179291 1113038 1050020 990096 933134 879033 827663 778903 732662 688819 647266 607919 570670 535419 502091 470589 440822 412725 386209 361192 337617 315405 294482 274799 256283 238871 222518 207162 192745 179229 166559 154684 143572 133174 123445 114359 105872 97946 90558 83670 77249 71276 65719 60548 55748 51291 47152 43318 39766 36473 33431 30618 28016 25618 23405 21363 19485 17757 16165 14705 13365 12133 11007 9976 9030 8168 7381 6661 6007 5411 4867 4375 3928 3521 3154 2822 2520 2249 2005 1783 1585 1407 1246 1103 975 859 757 666 584 512 448 390 340 296 256 222 192 165 142 122 104 89 76 64 54 46 38 32 27 22 18 15 12 10 8 6 5 4 3 2 2 1 1 1 
1 1 2 2 3 4 5 6 8 10 12 15 18 22 27 32 38 46 54 64 76 89 104 122 142 165 192 222 256 296 340 390 448 512 585 667 758 861 977 1106 1250 1412 1591 1791 2015 2261 2535 2840 3176 3548 3960 4413 4913 5465 6071 6737 7470 8272 9152 10118 11172 12325 13587 14961 16461 18097 19875 21811 23917 26202 28682 31375 34290 37448 40869 44564 48559 52876 57531 62553 67968 73796 80071 86824 94079 101874 110247 119226 128856 139181 150233 162065 174727 188259 202721 218169 234651 252236 270988 290964 312239 334890 358980 384597 411827 440741 471440 504020 538564 575185 613988 655071 698557 744567 793210 844622 898939 956282 1016804 1080654 1147966 1218910 1293650 1372336 1455154 1542282 1633887 1730171 1831331 1937549 2049043 2166028 2288703 2417303 2552063 2693193 2840952 2995588 3157332 3326459 3503232 3687901 3880758 4082085 4292147 4511250 4739697 4977765 5225780 5484059 5752891 6032620 6323576 6626063 6940438 7267041 7606191 7958255 8323587 8702513 9095409 9502639 9924535 10361483 10813853 11281977 11766249 12267041 12784687 13319584 13872098 14442566 15031379 15638904 16265469 16911456 17577227 18263099 18969445 19696615 20444905 21214681 22006269 22819952 23656072 24514933 25396794 26301972 27230746 28183344 29160049 30161113 31186725 32237138 33312562 34413145 35539100 36690595 37867732 39070680 40299552 41554405 42835354 44142461 45475726 46835203 48220902 49632757 51070767 52534875 54024946 55540918 57082665 58649985 60242746 61860745 63503714 65171441 66863657 68580012 70320219 72083932 73870722 75680227 77512021 79365589 81240497 83136234 85052210 86987906 88942731 90916013 92907156 94915489 96940262 98980793 101036341 103106072 105189234 107285006 109392477 111510826 113639158 115776492 117921939 120074529 122233223 124397063 126565023 128735999 130908972 133082867 135256519 137428867 139598782 141765052 143926575 146082181 148230623 150370764 152501397 154621253 156729166 158823914 160904203 162968853 165016630 167046234 169056481 171046139 173013900 174958598 176879003 178773829 180641922 182482073 184293023 186073647 187822770 189539171 191221756 192869405 194480936 196055317 197591475 199088286 200544784 201959959 203332760 204662292 205947617 207187768 208381929 209529253 210628857 211680014 212681976 213633953 214535324 215385438 216183608 216929322 217622038 218261182 218846355 219377122 219853034 220273804 220639123 220948657 221202240 221399688 221540790 221625505 221653776 221625505 221540790 221399688 221202240 220948657 220639123 220273804 219853034 219377122 218846355 218261182 217622038 216929322 216183608 215385438 214535324 213633953 212681976 211680014 210628857 209529253 208381929 207187768 205947617 204662292 203332760 201959959 200544784 199088286 197591475 196055317 194480936 192869405 191221756 189539171 187822770 186073647 184293023 182482073 180641922 178773829 176879003 174958598 173013900 171046139 169056481 167046234 165016630 162968853 160904203 158823914 156729166 154621253 152501397 150370764 148230623 146082181 143926575 141765052 139598782 137428867 135256519 133082867 130908972 128735999 126565023 124397063 122233223 120074529 117921939 115776492 113639158 111510826 109392477 107285006 105189234 103106072 101036341 98980793 96940262 94915489 92907156 90916013 88942731 86987906 85052210 83136234 81240497 79365589 77512021 75680227 73870722 72083932 70320219 68580012 66863657 65171441 63503714 61860745 60242746 58649985 57082665 55540918 54024946 52534875 51070767 49632757 48220902 46835203 45475726 44142461 42835354 41554405 40299552 39070680 37867732 36690595 35539100 34413145 33312562 32237138 31186725 30161113 29160049 28183344 27230746 26301972 25396794 24514933 23656072 22819952 22006269 21214681 20444905 19696615 18969445 18263099 17577227 16911456 16265469 15638904 15031379 14442566 13872098 13319584 12784687 12267041 11766249 11281977 10813853 10361483 9924535 9502639 9095409 8702513 8323587 7958255 7606191 7267041 6940438 6626063 6323576 6032620 5752891 5484059 5225780 4977765 4739697 4511250 4292147 4082085 3880758 3687901 3503232 3326459 3157332 2995588 2840952 2693193 2552063 2417303 2288703 2166028 2049043 1937549 1831331 1730171 1633887 1542282 1455154 1372336 1293650 1218910 1147966 1080654 1016804 956282 898939 844622 793210 744567 698557 655071 613988 575185 538564 504020 471440 440741 411827 384597 358980 334890 312239 290964 270988 252236 234651 218169 202721 188259 174727 162065 150233 139181 128856 119226 110247 101874 94079 86824 80071 73796 67968 62553 57531 52876 48559 44564 40869 37448 34290 31375 28682 26202 23917 21811 19875 18097 16461 14961 13587 12325 11172 10118 9152 8272 7470 6737 6071 5465 4913 4413 3960 3548 3176 2840 2535 2261 2015 1791 1591 1412 1250 1106 977 861 758 667 585 512 448 390 340 296 256 222 192 165 142 122 104 89 76 64 54 46 38 32 27 22 18 15 12 10 8 6 5 4 3 2 2 1 1 1 
1 1 2 2 3 4 5 6 8 10 12 15 18 22 27 32 38 46 54 64 76 89 104 122 142 165 192 222 256 296 340 390 448 512 585 668 759 862 979 1108 1253 1416 1596 1797 2023 2271 2547 2855 3194 3570 3987 4445 4951 5511 6125 6801 7546 8361 9256 10240 11314 12490 13779 15183 16717 18393 20215 22201 24365 26714 29267 32042 35048 38309 41846 45670 49809 54288 59122 64344 69983 76057 82606 89664 97255 105422 114207 123639 133769 144646 156304 168802 182197 196531 211873 228287 245823 264561 284575 305925 328700 352987 378855 406408 435744 466943 500122 535395 572854 612633 654857 699635 747116 797443 850741 907175 966907 1030078 1096875 1167478 1242045 1320784 1403897 1491562 1584010 1681463 1784120 1892236 2006058 2125808 2251764 2384197 2523354 2669539 2823051 2984157 3153191 3330478 3516312 3711056 3915059 4128642 4352198 4586105 4830711 5086435 5353685 5632836 5924337 6228626 6546101 6877242 7222515 7582345 7957242 8347695 8754157 9177165 9617237 10074849 10550563 11044921 11558422 12091654 12645184 13219526 13815292 14433069 15073390 15736887 16424161 17135759 17872331 18634492 19422801 20237915 21080459 21951000 22850203 23778700 24737052 25725931 26745966 27797717 28881852 29998992 31149685 32334592 33554322 34809407 36100487 37428154 38792916 40195393 41636149 43115658 44634509 46193234 47792267 49432163 51113405 52836382 54601603 56409502 58260413 60154787 62093000 64075323 66102146 68173779 70290415 72452374 74659892 76913084 79212191 81557360 83948619 86386122 88869926 91399964 93976291 96598865 99267516 101982199 104742767 107548933 110400546 113297347 116238935 119225044 122255293 125329158 128446256 131606084 134807994 138051473 141335893 144660477 148024588 151427467 154868203 158346029 161860060 165409249 168992706 172609404 176258169 179937981 183647688 187385984 191151718 194943612 198760233 202600308 206462439 210345064 214246794 218166113 222101345 226050991 230013418 233986842 237969663 241960148 245956413 249956759 253959361 257962247 261963637 265961628 269954162 273939391 277915344 281879901 285831156 289767079 293685500 297584473 301461928 305315663 309143695 312943934 316714159 320452380 324156498 327824285 331453756 335042826 338589279 342091159 345546399 348952820 352308504 355611434 358859480 362050778 365183373 368255206 371264490 374209352 377087811 379898175 382638668 385307416 387902836 390423261 392866934 395232402 397518126 399722486 401844162 403881761 405833813 407699152 409476546 411164676 412762546 414269093 415683176 417003974 418230598 419362090 420397818 421337081 422179115 422923474 423569655 424117090 424565537 424914691 425164181 425313967 425363952 425313967 425164181 424914691 424565537 424117090 423569655 422923474 422179115 421337081 420397818 419362090 418230598 417003974 415683176 414269093 412762546 411164676 409476546 407699152 405833813 403881761 401844162 399722486 397518126 395232402 392866934 390423261 387902836 385307416 382638668 379898175 377087811 374209352 371264490 368255206 365183373 362050778 358859480 355611434 352308504 348952820 345546399 342091159 338589279 335042826 331453756 327824285 324156498 320452380 316714159 312943934 309143695 305315663 301461928 297584473 293685500 289767079 285831156 281879901 277915344 273939391 269954162 265961628 261963637 257962247 253959361 249956759 245956413 241960148 237969663 233986842 230013418 226050991 222101345 218166113 214246794 210345064 206462439 202600308 198760233 194943612 191151718 187385984 183647688 179937981 176258169 172609404 168992706 165409249 161860060 158346029 154868203 151427467 148024588 144660477 141335893 138051473 134807994 131606084 128446256 125329158 122255293 119225044 116238935 113297347 110400546 107548933 104742767 101982199 99267516 96598865 93976291 91399964 88869926 86386122 83948619 81557360 79212191 76913084 74659892 72452374 70290415 68173779 66102146 64075323 62093000 60154787 58260413 56409502 54601603 52836382 51113405 49432163 47792267 46193234 44634509 43115658 41636149 40195393 38792916 37428154 36100487 34809407 33554322 32334592 31149685 29998992 28881852 27797717 26745966 25725931 24737052 23778700 22850203 21951000 21080459 20237915 19422801 18634492 17872331 17135759 16424161 15736887 15073390 14433069 13815292 13219526 12645184 12091654 11558422 11044921 10550563 10074849 9617237 9177165 8754157 8347695 7957242 7582345 7222515 6877242 6546101 6228626 5924337 5632836 5353685 5086435 4830711 4586105 4352198 4128642 3915059 3711056 3516312 3330478 3153191 2984157 2823051 2669539 2523354 2384197 2251764 2125808 2006058 1892236 1784120 1681463 1584010 1491562 1403897 1320784 1242045 1167478 1096875 1030078 966907 907175 850741 797443 747116 699635 654857 612633 572854 535395 500122 466943 435744 406408 378855 352987 328700 305925 284575 264561 245823 228287 211873 196531 182197 168802 156304 144646 133769 123639 114207 105422 97255 89664 82606 76057 69983 64344 59122 54288 49809 45670 41846 38309 35048 32042 29267 26714 24365 22201 20215 18393 16717 15183 13779 12490 11314 10240 9256 8361 7546 6801 6125 5511 4951 4445 3987 3570 3194 2855 2547 2271 2023 1797 1596 1416 1253 1108 979 862 759 668 585 512 448 390 340 296 256 222 192 165 142 122 104 89 76 64 54 46 38 32 27 22 18 15 12 10 8 6 5 4 3 2 2 1 1 1 
1 1 2 2 3 4 5 6 8 10 12 15 18 22 27 32 38 46 54 64 76 89 104 122 142 165 192 222 256 296 340 390 448 512 585 668 760 863 980 1110 1255 1419 1600 1802 2029 2279 2557 2867 3209 3588 4009 4472 4983 5549 6171 6855 7610 8437 9345 10344 11436 12632 13944 15375 16939 18649 20511 22541 24755 27162 29779 32627 35716 39068 42708 46649 50917 55541 60538 65940 71780 78080 84877 92211 100110 108616 117777 127626 138214 149597 161815 174927 188998 204077 220234 237543 256063 275875 297065 319704 343883 369704 397248 426623 457945 491308 526836 564662 604896 647681 693166 741481 792786 847252 905029 966297 1031251 1100061 1172932 1250084 1331709 1418039 1509319 1605769 1707649 1815232 1928766 2048540 2174860 2308005 2448295 2596070 2751641 2915362 3087612 3268732 3459116 3659178 3869299 4089911 4321467 4564386 4819141 5086227 5366106 5659289 5966318 6287693 6623972 6975742 7343544 7727983 8129690 8549252 8987320 9444570 9921635 10419210 10938021 11478746 12042125 12628931 13239885 13875774 14537420 15225584 15941100 16684833 17457587 18260241 19093700 19958810 20856488 21787683 22753279 23754227 24791515 25866059 26978845 28130898 29323157 30556642 31832401 33151402 34514688 35923329 37378311 38880693 40431564 42031922 43682832 45385396 47140611 48949550 50813314 52732895 54709358 56743797 58837188 60990585 63205059 65481566 67821129 70224794 72693482 75228177 77829887 80499484 83237905 86046110 88924907 91875175 94897807 97993543 101163191 104407563 107727319 111123174 114595857 118145930 121774008 125480717 129266508 133131884 137077359 141103255 145209953 149397834 153667089 158017960 162450686 166965307 171561914 176240593 181001228 185843740 190768056 195773882 200860970 206029070 211277705 216606442 222014847 227502249 233068029 238711550 244431948 250228396 256100062 262045876 268064802 274155803 280317593 286548927 292848561 299214990 305646758 312142404 318700210 325318507 331995617 338729609 345518596 352360694 359253760 366195694 373184405 380217540 387292795 394407884 401560246 408747385 415966817 423215794 430491633 437791667 445112967 452452676 459807957 467175723 474552944 481936640 489323563 496710549 504094479 511471973 518839740 526194544 533532891 540851392 548146707 555415259 562653568 569858228 577025593 584152123 591234364 598268624 605251332 612179015 619047959 625854588 632595427 639266777 645865083 652386898 658828562 665186564 671457517 677637830 683724063 689712917 695600892 701384652 707061019 712626604 718078209 723412788 728627110 733718133 738682978 743518588 748222103 752790837 757221941 761512753 765660814 769663489 773518357 777223195 780775615 784173447 787414730 790497340 793419387 796179181 798774889 801204901 803467830 805562142 807486531 809239917 810821079 812229024 813463000 814522100 815405662 816113255 816644307 816998489 817175698 817175698 816998489 816644307 816113255 815405662 814522100 813463000 812229024 810821079 809239917 807486531 805562142 803467830 801204901 798774889 796179181 793419387 790497340 787414730 784173447 780775615 777223195 773518357 769663489 765660814 761512753 757221941 752790837 748222103 743518588 738682978 733718133 728627110 723412788 718078209 712626604 707061019 701384652 695600892 689712917 683724063 677637830 671457517 665186564 658828562 652386898 645865083 639266777 632595427 625854588 619047959 612179015 605251332 598268624 591234364 584152123 577025593 569858228 562653568 555415259 548146707 540851392 533532891 526194544 518839740 511471973 504094479 496710549 489323563 481936640 474552944 467175723 459807957 452452676 445112967 437791667 430491633 423215794 415966817 408747385 401560246 394407884 387292795 380217540 373184405 366195694 359253760 352360694 345518596 338729609 331995617 325318507 318700210 312142404 305646758 299214990 292848561 286548927 280317593 274155803 268064802 262045876 256100062 250228396 244431948 238711550 233068029 227502249 222014847 216606442 211277705 206029070 200860970 195773882 190768056 185843740 181001228 176240593 171561914 166965307 162450686 158017960 153667089 149397834 145209953 141103255 137077359 133131884 129266508 125480717 121774008 118145930 114595857 111123174 107727319 104407563 101163191 97993543 94897807 91875175 88924907 86046110 83237905 80499484 77829887 75228177 72693482 70224794 67821129 65481566 63205059 60990585 58837188 56743797 54709358 52732895 50813314 48949550 47140611 45385396 43682832 42031922 40431564 38880693 37378311 35923329 34514688 33151402 31832401 30556642 29323157 28130898 26978845 25866059 24791515 23754227 22753279 21787683 20856488 19958810 19093700 18260241 17457587 16684833 15941100 15225584 14537420 13875774 13239885 12628931 12042125 11478746 10938021 10419210 9921635 9444570 8987320 8549252 8129690 7727983 7343544 6975742 6623972 6287693 5966318 5659289 5366106 5086227 4819141 4564386 4321467 4089911 3869299 3659178 3459116 3268732 3087612 2915362 2751641 2596070 2448295 2308005 2174860 2048540 1928766 1815232 1707649 1605769 1509319 1418039 1331709 1250084 1172932 1100061 1031251 966297 905029 847252 792786 741481 693166 647681 604896 564662 526836 491308 457945 426623 397248 369704 343883 319704 297065 275875 256063 237543 220234 204077 188998 174927 161815 149597 138214 127626 117777 108616 100110 92211 84877 78080 71780 65940 60538 55541 50917 46649 42708 39068 35716 32627 29779 27162 24755 22541 20511 18649 16939 15375 13944 12632 11436 10344 9345 8437 7610 6855 6171 5549 4983 4472 4009 3588 3209 2867 2557 2279 2029 1802 1600 1419 1255 1110 980 863 760 668 585 512 448 390 340 296 256 222 192 165 142 122 104 89 76 64 54 46 38 32 27 22 18 15 12 10 8 6 5 4 3 2 2 1 1 1 
1 1 2 2 3 4 5 6 8 10 12 15 18 22 27 32 38 46 54 64 76 89 104 122 142 165 192 222 256 296 340 390 448 512 585 668 760 864 981 1111 1257 1421 1603 1806 2034 2285 2565 2877 3221 3603 4027 4494 5010 5581 6209 6901 7664 8501 9421 10433 11540 12754 14086 15540 17131 18871 20767 22837 25095 27552 30227 33139 36301 39736 43468 47512 51897 56651 61793 67359 73380 79882 86906 94490 102667 111483 120986 131214 142223 154069 166798 180476 195169 210932 227844 245980 265408 286219 308501 332336 357827 385079 414187 445272 478456 513849 551591 591824 634675 680308 728882 780549 835494 893901 955946 1021838 1091789 1166001 1244712 1328164 1416586 1510250 1609429 1714385 1825426 1942858 2066980 2198137 2336675 2482932 2637293 2800147 2971875 3152905 3343675 3544607 3756181 3978882 4213182 4459615 4718715 4991009 5277086 5577535 5892942 6223951 6571214 6935374 7317138 7717223 8136330 8575235 9034719 9515549 10018571 10544631 11094567 11669294 12269730 12896785 13551444 14234700 14947534 15691006 16466186 17274124 18115960 18992838 19905882 20856311 21845341 22874172 23944100 25056415 26212395 27413405 28660814 29955970 31300312 32695284 34142298 35642869 37198507 38810691 40481006 42211022 44002283 45856435 47775108 49759905 51812522 53934648 56127931 58394120 60734949 63152105 65647379 68222543 70879313 73619516 76444944 79357340 82358549 85450378 88634582 91913010 95287474 98759725 102331605 106004920 109781395 113662858 117651086 121747770 125954706 130273622 134706164 139254072 143919014 148702572 153606409 158632119 163781196 169055213 174455670 179983948 185641517 191429756 197349921 203403356 209591297 215914857 222375228 228973488 235710586 242587537 249605244 256764467 264066029 271510636 279098834 286831236 294708329 302730426 310897916 319211034 327669853 336274506 345024969 353921051 362962609 372149346 381480784 390956490 400575880 410338164 420242615 430288334 440474218 450799224 461262125 471861493 482595955 493463949 504463713 515593528 526851494 538235500 549743481 561373191 573122160 584987978 596968045 609059534 621259689 633565549 645973937 658481746 671085662 683782165 696567791 709438889 722391592 735422099 748526427 761700369 774939802 788240420 801597693 815007195 828464300 841964186 855502129 869073218 882672351 896294527 909934574 923587131 937246949 950908624 964566555 978215282 991849187 1005462471 1019049488 1032604438 1046121357 1059594448 1073017763 1086385215 1099690880 1112928711 1126092525 1139176319 1152173986 1165079280 1177886166 1190588511 1203180054 1215654773 1228006541 1240229137 1252316582 1264262810 1276061681 1287707297 1299193705 1310514881 1321665064 1332638454 1343429183 1354031675 1364440323 1374649463 1384653751 1394447805 1404026221 1413383916 1422515789 1431416730 1440081958 1448506694 1456686162 1464615922 1472291562 1479708664 1486863179 1493751085 1500368370 1506711406 1512776590 1518560350 1524059508 1529270911 1534191464 1538818450 1543149210 1547181133 1550912002 1554339667 1557462020 1560277368 1562784083 1564980583 1566865715 1568438378 1569697538 1570642582 1571272955 1571588177 1571588177 1571272955 1570642582 1569697538 1568438378 1566865715 1564980583 1562784083 1560277368 1557462020 1554339667 1550912002 1547181133 1543149210 1538818450 1534191464 1529270911 1524059508 1518560350 1512776590 1506711406 1500368370 1493751085 1486863179 1479708664 1472291562 1464615922 1456686162 1448506694 1440081958 1431416730 1422515789 1413383916 1404026221 1394447805 1384653751 1374649463 1364440323 1354031675 1343429183 1332638454 1321665064 1310514881 1299193705 1287707297 1276061681 1264262810 1252316582 1240229137 1228006541 1215654773 1203180054 1190588511 1177886166 1165079280 1152173986 1139176319 1126092525 1112928711 1099690880 1086385215 1073017763 1059594448 1046121357 1032604438 1019049488 1005462471 991849187 978215282 964566555 950908624 937246949 923587131 909934574 896294527 882672351 869073218 855502129 841964186 828464300 815007195 801597693 788240420 774939802 761700369 748526427 735422099 722391592 709438889 696567791 683782165 671085662 658481746 645973937 633565549 621259689 609059534 596968045 584987978 573122160 561373191 549743481 538235500 526851494 515593528 504463713 493463949 482595955 471861493 461262125 450799224 440474218 430288334 420242615 410338164 400575880 390956490 381480784 372149346 362962609 353921051 345024969 336274506 327669853 319211034 310897916 302730426 294708329 286831236 279098834 271510636 264066029 256764467 249605244 242587537 235710586 228973488 222375228 215914857 209591297 203403356 197349921 191429756 185641517 179983948 174455670 169055213 163781196 158632119 153606409 148702572 143919014 139254072 134706164 130273622 125954706 121747770 117651086 113662858 109781395 106004920 102331605 98759725 95287474 91913010 88634582 85450378 82358549 79357340 76444944 73619516 70879313 68222543 65647379 63152105 60734949 58394120 56127931 53934648 51812522 49759905 47775108 45856435 44002283 42211022 40481006 38810691 37198507 35642869 34142298 32695284 31300312 29955970 28660814 27413405 26212395 25056415 23944100 22874172 21845341 20856311 19905882 18992838 18115960 17274124 16466186 15691006 14947534 14234700 13551444 12896785 12269730 11669294 11094567 10544631 10018571 9515549 9034719 8575235 8136330 7717223 7317138 6935374 6571214 6223951 5892942 5577535 5277086 4991009 4718715 4459615 4213182 3978882 3756181 3544607 3343675 3152905 2971875 2800147 2637293 2482932 2336675 2198137 2066980 1942858 1825426 1714385 1609429 1510250 1416586 1328164 1244712 1166001 1091789 1021838 955946 893901 835494 780549 728882 680308 634675 591824 551591 513849 478456 445272 414187 385079 357827 332336 308501 286219 265408 245980 227844 210932 195169 180476 166798 154069 142223 131214 120986 111483 102667 94490 86906 79882 73380 67359 61793 56651 51897 47512 43468 39736 36301 33139 30227 27552 25095 22837 20767 18871 17131 15540 14086 12754 11540 10433 9421 8501 7664 6901 6209 5581 5010 4494 4027 3603 3221 2877 2565 2285 2034 1806 1603 1421 1257 1111 981 864 760 668 585 512 448 390 340 296 256 222 192 165 142 122 104 89 76 64 54 46 38 32 27 22 18 15 12 10 8 6 5 4 3 2 2 1 1 1 
1 1 2 2 3 4 5 6 8 10 12 15 18 22 27 32 38 46 54 64 76 89 104 122 142 165 192 222 256 296 340 390 448 512 585 668 760 864 982 1112 1258 1423 1605 1809 2038 2290 2571 2885 3231 3615 4042 4512 5032 5608 6241 6939 7710 8555 9485 10509 11629 12858 14208 15682 17296 19063 20989 23093 25391 27892 30617 33587 36813 40321 44136 48272 52761 57632 62904 68616 74801 81485 88712 96524 104952 114048 123863 134435 145826 158096 171292 185486 200750 217141 234745 253644 273909 295640 318934 343876 370581 399165 429727 462403 497327 534616 574428 616919 662227 710535 762021 816850 875230 937369 1003458 1073735 1148440 1227794 1312071 1401544 1496468 1597156 1703919 1817052 1936909 2063844 2198194 2340360 2490744 2649730 2817769 2995316 3182807 3380749 3589655 3810015 4042400 4287383 4545518 4817442 5103794 5405196 5722358 6055991 6406791 6775542 7163038 7570049 7997446 8446105 8916879 9410729 9928620 10471495 11040409 11636420 12260568 12914006 13597894 14313371 15061694 15844129 16661919 17516432 18409044 19341104 20314097 21329513 22388814 23493604 24645488 25846047 27097005 28400090 29757002 31169586 32639696 34169152 35759927 37413999 39133307 40919955 42776042 44703633 46704957 48782236 50937657 53173573 55492331 57896235 60387757 62969367 65643480 68412691 71279580 74246672 77316673 80492273 83776098 87170960 90679644 94304874 98049555 101916564 105908706 110028970 114280312 118665607 123187916 127850261 132655567 137606958 142707501 147960165 153368111 158934436 164662134 170554384 176614298 182844870 189249278 195830626 202591887 209536219 216666692 223986231 231497952 239204864 247109826 255215878 263525945 272042788 280769348 289708437 298862691 308234916 317827787 327643780 337685545 347955580 358456174 369189785 380158707 391365008 402810926 414498508 426429578 438606111 451029889 463702446 476625467 489800432 503228554 516911196 530849502 545044328 559496687 574207348 589176790 604405633 619894244 635642689 651651168 667919619 684447661 701235045 718281250 735585421 753146837 770964488 789037017 807363206 825941533 844770120 863847226 883170793 902738404 922547775 942596298 962880999 983399027 1004147218 1025122018 1046320015 1067737461 1089370222 1111214308 1133265389 1155518744 1177969804 1200613646 1223444970 1246458619 1269649098 1293010515 1316537142 1340222908 1364061349 1388046173 1412170749 1436428048 1460811237 1485313136 1509926184 1534643016 1559455932 1584356857 1609337929 1634390954 1659507375 1684678858 1709896756 1735152059 1760436008 1785739535 1811053217 1836367912 1861674173 1886962219 1912222564 1937445430 1962620729 1987738681 2012789237 2037762050 2062647099 2087434125 2112112574 2136672259 2161102754 2185393369 2209533804 2233513541 2257321814 2280948278 2304382379 2327613352 2350630865 2373424413 2395983285 2418297240 2440355881 2462148633 2483665410 2504896000 2525830021 2546457627 2566768848 2586753585 2606402286 2625705301 2644652875 2663235827 2681444897 2699270744 2716704616 2733737721 2750361187 2766566775 2782346208 2797691157 2812593950 2827046893 2841042264 2854573012 2867632083 2880212419 2892307646 2903911409 2915017360 2925619852 2935713278 2945292045 2954351289 2962886183 2970891936 2978364499 2985299872 2991694098 2997543978 3002846361 3007598164 3011797055 3015440772 3018527114 3021054643 3023021996 3024427878 3025271756 3025553180 3025271756 3024427878 3023021996 3021054643 3018527114 3015440772 3011797055 3007598164 3002846361 2997543978 2991694098 2985299872 2978364499 2970891936 2962886183 2954351289 2945292045 2935713278 2925619852 2915017360 2903911409 2892307646 2880212419 2867632083 2854573012 2841042264 2827046893 2812593950 2797691157 2782346208 2766566775 2750361187 2733737721 2716704616 2699270744 2681444897 2663235827 2644652875 2625705301 2606402286 2586753585 2566768848 2546457627 2525830021 2504896000 2483665410 2462148633 2440355881 2418297240 2395983285 2373424413 2350630865 2327613352 2304382379 2280948278 2257321814 2233513541 2209533804 2185393369 2161102754 2136672259 2112112574 2087434125 2062647099 2037762050 2012789237 1987738681 1962620729 1937445430 1912222564 1886962219 1861674173 1836367912 1811053217 1785739535 1760436008 1735152059 1709896756 1684678858 1659507375 1634390954 1609337929 1584356857 1559455932 1534643016 1509926184 1485313136 1460811237 1436428048 1412170749 1388046173 1364061349 1340222908 1316537142 1293010515 1269649098 1246458619 1223444970 1200613646 1177969804 1155518744 1133265389 1111214308 1089370222 1067737461 1046320015 1025122018 1004147218 983399027 962880999 942596298 922547775 902738404 883170793 863847226 844770120 825941533 807363206 789037017 770964488 753146837 735585421 718281250 701235045 684447661 667919619 651651168 635642689 619894244 604405633 589176790 574207348 559496687 545044328 530849502 516911196 503228554 489800432 476625467 463702446 451029889 438606111 426429578 414498508 402810926 391365008 380158707 369189785 358456174 347955580 337685545 327643780 317827787 308234916 298862691 289708437 280769348 272042788 263525945 255215878 247109826 239204864 231497952 223986231 216666692 209536219 202591887 195830626 189249278 182844870 176614298 170554384 164662134 158934436 153368111 147960165 142707501 137606958 132655567 127850261 123187916 118665607 114280312 110028970 105908706 101916564 98049555 94304874 90679644 87170960 83776098 80492273 77316673 74246672 71279580 68412691 65643480 62969367 60387757 57896235 55492331 53173573 50937657 48782236 46704957 44703633 42776042 40919955 39133307 37413999 35759927 34169152 32639696 31169586 29757002 28400090 27097005 25846047 24645488 23493604 22388814 21329513 20314097 19341104 18409044 17516432 16661919 15844129 15061694 14313371 13597894 12914006 12260568 11636420 11040409 10471495 9928620 9410729 8916879 8446105 7997446 7570049 7163038 6775542 6406791 6055991 5722358 5405196 5103794 4817442 4545518 4287383 4042400 3810015 3589655 3380749 3182807 2995316 2817769 2649730 2490744 2340360 2198194 2063844 1936909 1817052 1703919 1597156 1496468 1401544 1312071 1227794 1148440 1073735 1003458 937369 875230 816850 762021 710535 662227 616919 574428 534616 497327 462403 429727 399165 370581 343876 318934 295640 273909 253644 234745 217141 200750 185486 171292 158096 145826 134435 123863 114048 104952 96524 88712 81485 74801 68616 62904 57632 52761 48272 44136 40321 36813 33587 30617 27892 25391 23093 20989 19063 17296 15682 14208 12858 11629 10509 9485 8555 7710 6939 6241 5608 5032 4512 4042 3615 3231 2885 2571 2290 2038 1809 1605 1423 1258 1112 982 864 760 668 585 512 448 390 340 296 256 222 192 165 142 122 104 89 76 64 54 46 38 32 27 22 18 15 12 10 8 6 5 4 3 2 2 1 1 1 
